# Feel free to add more lights
recursionlevel 5
camera -4 0.25 0 1 0 0 0 1 0 -4
bounds -4 4 -4 4
res 512 512
ambient 0.5 0.7 1.0
light -0.8155770123595889 4 0.23819620318313084 1 0.06666666666666667 0.06666666666666667 0.06666666666666667
light -0.3552701556571112 4 -0.06274857165485148 1 0.06666666666666667 0.06666666666666667 0.06666666666666667
light -0.2696744391417787 4 0.01025419986413878 1 0.06666666666666667 0.06666666666666667 0.06666666666666667
light 0.6640384485769806 4 -0.6509624598812915 1 0.06666666666666667 0.06666666666666667 0.06666666666666667
light -0.3919847296247332 4 -0.037488846849029756 1 0.06666666666666667 0.06666666666666667 0.06666666666666667
light 0.48519482639056677 4 0.6930339683717317 1 0.06666666666666667 0.06666666666666667 0.06666666666666667
light -0.012998826228821647 4 -0.3943983002937621 1 0.06666666666666667 0.06666666666666667 0.06666666666666667
light 0.7336968750917516 4 0.25425956595907384 1 0.06666666666666667 0.06666666666666667 0.06666666666666667
light -0.3554766964804401 4 -0.6578650594998923 1 0.06666666666666667 0.06666666666666667 0.06666666666666667
light 0.3381257718209032 4 0.3496108272047862 1 0.06666666666666667 0.06666666666666667 0.06666666666666667
light -0.8134001319715707 4 -0.3561958562144434 1 0.06666666666666667 0.06666666666666667 0.06666666666666667
light 0.7829555208362056 4 -0.14818732267153245 1 0.06666666666666667 0.06666666666666667 0.06666666666666667
light -0.539951853355173 4 0.408981987740076 1 0.06666666666666667 0.06666666666666667 0.06666666666666667
light 0.7333605191443988 4 0.25555356598576884 1 0.06666666666666667 0.06666666666666667 0.06666666666666667
light 0.36317984135872416 4 -0.3347271545315149 1 0.06666666666666667 0.06666666666666667 0.06666666666666667
trans rota 1.0 0.0 0.0 90
trans scale 5 5 5
trans move 0 -5 0
cutoffAngle 0
load checkerGray.obj
sphere 10000000005 0 0 10000000000 0.1 0.1 0.1 0.73 0.73 0.73 0.0 0.0 0.0 0.0 0.0 0.0 0
sphere 0 10000000005 0 10000000000 0.1 0.1 0.1 0.73 0.73 0.73 0.0 0.0 0.0 0.0 0.0 0.0 0
sphere 0 0 -10000000005 10000000000 0.1 0.1 0.1 0.3 0.9 0.3 0.0 0.0 0.0 0.0 0.0 0.0 0
sphere 0 0 10000000005 10000000000 0.1 0.1 0.1 0.9 0.3 0.3 0.0 0.0 0.0 0.0 0.0 0.0 0
sphere 3 -3.75 -2 1.25 0.1 0.1 0.1 0.0 0.0 0.0 0.9 0.9 0.9 0.9 0.9 0.9 0
sphere 2 -3.75 2 1.25 0.0 0.0 0.0 0.0 0.0 0.0 0.0 0.0 0.0 0.0 0.0 0.0 2
