recursionlevel 5
camera -5 0 0 0 0 0 0 1 0 -5
bounds -4 4 -4 4
res 512 512
ambient 0.1 0.1 0.1
light -5 0 0 1 1.0 1.0 1.0
sphere 5 0 0 3 0.1 0.1 0.1 0.5 0.5 0.5 0.5 0.5 0.5 0.5 0.5 0.5 0
sphere -30.0 0.0 0.0 0.0 0.1 0.1 0.1 0 0.5 0.5 0.5 0.5 0.5 0.5 0.5 0.5 0
sphere -30.0 0.0 0.0 0.0 0.1 0.1 0.1 0.5 0 0 0.5 0.5 0.5 0.5 0.5 0.5 0
sphere -30.0 -0.0 0.0 0.0 0.1 0.1 0.1 0 0.5 0 0.5 0.5 0.5 0.5 0.5 0.5 0
sphere -30.0 -0.0 -0.0 0.0 0.1 0.1 0.1 0 0 0.5 0.5 0.5 0.5 0.5 0.5 0.5 0
sphere -30.0 -0.0 -0.0 0.0 0.1 0.1 0.1 0.5 0.5 0 0.5 0.5 0.5 0.5 0.5 0.5 0
sphere -30.0 0.0 -0.0 0.0 0.1 0.1 0.1 0.5 0 0.5 0.5 0.5 0.5 0.5 0.5 0.5 0
sphere -29.23913043478261 0.2408506482718199 0.07947129622804983 0.03170289855072461 0.1 0.1 0.1 0 0.5 0.5 0.5 0.5 0.5 0.5 0.5 0.5 0
sphere -29.23913043478261 0.051601162730740224 0.24831842803537157 0.03170289855072461 0.1 0.1 0.1 0.5 0 0 0.5 0.5 0.5 0.5 0.5 0.5 0
sphere -29.23913043478261 -0.18924948554107943 0.16884713180732183 0.03170289855072461 0.1 0.1 0.1 0 0.5 0 0.5 0.5 0.5 0.5 0.5 0.5 0
sphere -29.23913043478261 -0.24085064827181993 -0.07947129622804978 0.03170289855072461 0.1 0.1 0.1 0 0 0.5 0.5 0.5 0.5 0.5 0.5 0.5 0
sphere -29.23913043478261 -0.05160116273074025 -0.24831842803537157 0.03170289855072461 0.1 0.1 0.1 0.5 0.5 0 0.5 0.5 0.5 0.5 0.5 0.5 0
sphere -29.23913043478261 0.18924948554107954 -0.1688471318073217 0.03170289855072461 0.1 0.1 0.1 0.5 0 0.5 0.5 0.5 0.5 0.5 0.5 0.5 0
sphere -28.47826086956522 0.4076389716075973 0.3018763912848931 0.06340579710144922 0.1 0.1 0.1 0 0.5 0.5 0.5 0.5 0.5 0.5 0.5 0.5 0
sphere -28.47826086956522 -0.05761313785169031 0.5039639006271893 0.06340579710144922 0.1 0.1 0.1 0.5 0 0 0.5 0.5 0.5 0.5 0.5 0.5 0
sphere -28.47826086956522 -0.46525210945928724 0.20208750934229658 0.06340579710144922 0.1 0.1 0.1 0 0.5 0 0.5 0.5 0.5 0.5 0.5 0.5 0
sphere -28.47826086956522 -0.4076389716075974 -0.301876391284893 0.06340579710144922 0.1 0.1 0.1 0 0 0.5 0.5 0.5 0.5 0.5 0.5 0.5 0
sphere -28.47826086956522 0.057613137851689804 -0.5039639006271893 0.06340579710144922 0.1 0.1 0.1 0.5 0.5 0 0.5 0.5 0.5 0.5 0.5 0.5 0
sphere -28.47826086956522 0.4652521094592874 -0.20208750934229622 0.06340579710144922 0.1 0.1 0.1 0.5 0 0.5 0.5 0.5 0.5 0.5 0.5 0.5 0
sphere -27.717391304347828 0.438778505956964 0.621607527290553 0.09510869565217384 0.1 0.1 0.1 0 0.5 0.5 0.5 0.5 0.5 0.5 0.5 0.5 0
sphere -27.717391304347828 -0.31893865683876604 0.6907970964385889 0.09510869565217384 0.1 0.1 0.1 0.5 0 0 0.5 0.5 0.5 0.5 0.5 0.5 0
sphere -27.717391304347828 -0.7577171627957296 0.06918956914803648 0.09510869565217384 0.1 0.1 0.1 0 0.5 0 0.5 0.5 0.5 0.5 0.5 0.5 0
sphere -27.717391304347828 -0.43877850595696405 -0.621607527290553 0.09510869565217384 0.1 0.1 0.1 0 0 0.5 0.5 0.5 0.5 0.5 0.5 0.5 0
sphere -27.717391304347828 0.3189386568387653 -0.6907970964385892 0.09510869565217384 0.1 0.1 0.1 0.5 0.5 0 0.5 0.5 0.5 0.5 0.5 0.5 0
sphere -27.717391304347828 0.7577171627957298 -0.0691895691480359 0.09510869565217384 0.1 0.1 0.1 0.5 0 0.5 0.5 0.5 0.5 0.5 0.5 0.5 0
sphere -26.956521739130437 0.2958726922005475 0.9703890442312082 0.12681159420289845 0.1 0.1 0.1 0 0.5 0.5 0.5 0.5 0.5 0.5 0.5 0.5 0
sphere -26.956521739130437 -0.6924452177580542 0.7414277898473718 0.12681159420289845 0.1 0.1 0.1 0.5 0 0 0.5 0.5 0.5 0.5 0.5 0.5 0
sphere -26.956521739130437 -0.9883179099586014 -0.22896125438383536 0.12681159420289845 0.1 0.1 0.1 0 0.5 0 0.5 0.5 0.5 0.5 0.5 0.5 0
sphere -26.956521739130437 -0.2958726922005476 -0.9703890442312082 0.12681159420289845 0.1 0.1 0.1 0 0 0.5 0.5 0.5 0.5 0.5 0.5 0.5 0
sphere -26.956521739130437 0.6924452177580535 -0.7414277898473725 0.12681159420289845 0.1 0.1 0.1 0.5 0.5 0 0.5 0.5 0.5 0.5 0.5 0.5 0
sphere -26.956521739130437 0.9883179099586012 0.2289612543838361 0.12681159420289845 0.1 0.1 0.1 0.5 0 0.5 0.5 0.5 0.5 0.5 0.5 0.5 0
sphere -26.19565217391304 -0.028866374092890907 1.2677873539654798 0.15851449275362328 0.1 0.1 0.1 0 0.5 0.5 0.5 0.5 0.5 0.5 0.5 0.5 0
sphere -26.19565217391304 -1.1123692421772053 0.6088946637031507 0.15851449275362328 0.1 0.1 0.1 0.5 0 0 0.5 0.5 0.5 0.5 0.5 0.5 0
sphere -26.19565217391304 -1.0835028680843146 -0.6588926902623277 0.15851449275362328 0.1 0.1 0.1 0 0.5 0 0.5 0.5 0.5 0.5 0.5 0.5 0
sphere -26.19565217391304 0.028866374092890754 -1.2677873539654798 0.15851449275362328 0.1 0.1 0.1 0 0 0.5 0.5 0.5 0.5 0.5 0.5 0.5 0
sphere -26.19565217391304 1.112369242177205 -0.6088946637031518 0.15851449275362328 0.1 0.1 0.1 0.5 0.5 0 0.5 0.5 0.5 0.5 0.5 0.5 0
sphere -26.19565217391304 1.083502868084314 0.6588926902623286 0.15851449275362328 0.1 0.1 0.1 0.5 0 0.5 0.5 0.5 0.5 0.5 0.5 0.5 0
sphere -25.43478260869565 -0.5095994098254146 1.4338753162677704 0.1902173913043479 0.1 0.1 0.1 0 0.5 0.5 0.5 0.5 0.5 0.5 0.5 0.5 0
sphere -25.43478260869565 -1.496572154660043 0.2756116234715182 0.1902173913043479 0.1 0.1 0.1 0.5 0 0 0.5 0.5 0.5 0.5 0.5 0.5 0
sphere -25.43478260869565 -0.9869727448346292 -1.1582636927962509 0.1902173913043479 0.1 0.1 0.1 0 0.5 0 0.5 0.5 0.5 0.5 0.5 0.5 0
sphere -25.43478260869565 0.5095994098254144 -1.4338753162677706 0.1902173913043479 0.1 0.1 0.1 0 0 0.5 0.5 0.5 0.5 0.5 0.5 0.5 0
sphere -25.43478260869565 1.496572154660043 -0.2756116234715197 0.1902173913043479 0.1 0.1 0.1 0.5 0.5 0 0.5 0.5 0.5 0.5 0.5 0.5 0
sphere -25.43478260869565 0.9869727448346284 1.1582636927962515 0.1902173913043479 0.1 0.1 0.1 0.5 0 0.5 0.5 0.5 0.5 0.5 0.5 0.5 0
sphere -24.673913043478258 -1.0887706798515258 1.4023158595176222 0.2219202898550725 0.1 0.1 0.1 0 0.5 0.5 0.5 0.5 0.5 0.5 0.5 0.5 0
sphere -24.673913043478258 -1.7588264983978337 -0.24174513788826527 0.2219202898550725 0.1 0.1 0.1 0.5 0 0 0.5 0.5 0.5 0.5 0.5 0.5 0
sphere -24.673913043478258 -0.6700558185463091 -1.644060997405886 0.2219202898550725 0.1 0.1 0.1 0 0.5 0 0.5 0.5 0.5 0.5 0.5 0.5 0
sphere -24.673913043478258 1.0887706798515255 -1.4023158595176224 0.2219202898550725 0.1 0.1 0.1 0 0 0.5 0.5 0.5 0.5 0.5 0.5 0.5 0
sphere -24.673913043478258 1.758826498397834 0.24174513788826343 0.2219202898550725 0.1 0.1 0.1 0.5 0.5 0 0.5 0.5 0.5 0.5 0.5 0.5 0
sphere -24.673913043478258 0.6700558185463079 1.6440609974058866 0.2219202898550725 0.1 0.1 0.1 0.5 0 0.5 0.5 0.5 0.5 0.5 0.5 0.5 0
sphere -23.913043478260867 -1.6838252301429495 1.132040097765923 0.2536231884057971 0.1 0.1 0.1 0 0.5 0.5 0.5 0.5 0.5 0.5 0.5 0.5 0
sphere -23.913043478260867 -1.8222880978393832 -0.8922153759540128 0.2536231884057971 0.1 0.1 0.1 0.5 0 0 0.5 0.5 0.5 0.5 0.5 0.5 0
sphere -23.913043478260867 -0.13846286769643545 -2.0242554737199345 0.2536231884057971 0.1 0.1 0.1 0 0.5 0 0.5 0.5 0.5 0.5 0.5 0.5 0
sphere -23.913043478260867 1.6838252301429495 -1.1320400977659233 0.2536231884057971 0.1 0.1 0.1 0 0 0.5 0.5 0.5 0.5 0.5 0.5 0.5 0
sphere -23.913043478260867 1.822288097839384 0.8922153759540109 0.2536231884057971 0.1 0.1 0.1 0.5 0.5 0 0.5 0.5 0.5 0.5 0.5 0.5 0
sphere -23.913043478260867 0.13846286769643387 2.0242554737199345 0.2536231884057971 0.1 0.1 0.1 0.5 0 0.5 0.5 0.5 0.5 0.5 0.5 0.5 0
sphere -23.152173913043477 -2.1979633732938906 0.6158404559019002 0.28532608695652173 0.1 0.1 0.1 0 0.5 0.5 0.5 0.5 0.5 0.5 0.5 0.5 0
sphere -23.152173913043477 -1.6323151661361803 -1.5955718899092992 0.28532608695652173 0.1 0.1 0.1 0.5 0 0 0.5 0.5 0.5 0.5 0.5 0.5 0
sphere -23.152173913043477 0.5656482071577079 -2.211412345811199 0.28532608695652173 0.1 0.1 0.1 0 0.5 0 0.5 0.5 0.5 0.5 0.5 0.5 0
sphere -23.152173913043477 2.1979633732938906 -0.6158404559019004 0.28532608695652173 0.1 0.1 0.1 0 0 0.5 0.5 0.5 0.5 0.5 0.5 0.5 0
sphere -23.152173913043477 1.6323151661361817 1.5955718899092977 0.28532608695652173 0.1 0.1 0.1 0.5 0.5 0 0.5 0.5 0.5 0.5 0.5 0.5 0
sphere -23.152173913043477 -0.5656482071577096 2.2114123458111985 0.28532608695652173 0.1 0.1 0.1 0.5 0 0.5 0.5 0.5 0.5 0.5 0.5 0.5 0
sphere -22.391304347826086 -2.5336035201185116 -0.1154355775111423 0.31702898550724634 0.1 0.1 0.1 0 0.5 0.5 0.5 0.5 0.5 0.5 0.5 0.5 0
sphere -22.391304347826086 -1.1668316174340776 -2.251882800295881 0.31702898550724634 0.1 0.1 0.1 0.5 0 0 0.5 0.5 0.5 0.5 0.5 0.5 0
sphere -22.391304347826086 1.3667719026844312 -2.1364472227847386 0.31702898550724634 0.1 0.1 0.1 0 0.5 0 0.5 0.5 0.5 0.5 0.5 0.5 0
sphere -22.391304347826086 2.5336035201185116 0.11543557751114199 0.31702898550724634 0.1 0.1 0.1 0 0 0.5 0.5 0.5 0.5 0.5 0.5 0.5 0
sphere -22.391304347826086 1.16683161743408 2.25188280029588 0.31702898550724634 0.1 0.1 0.1 0.5 0.5 0 0.5 0.5 0.5 0.5 0.5 0.5 0
sphere -22.391304347826086 -1.3667719026844327 2.1364472227847378 0.31702898550724634 0.1 0.1 0.1 0.5 0 0.5 0.5 0.5 0.5 0.5 0.5 0.5 0
sphere -21.630434782608695 -2.606823386281582 -0.9938627461009115 0.34873188405797106 0.1 0.1 0.1 0 0.5 0.5 0.5 0.5 0.5 0.5 0.5 0.5 0
sphere -21.630434782608695 -0.44270130714243655 -2.7545066487496808 0.34873188405797106 0.1 0.1 0.1 0.5 0 0 0.5 0.5 0.5 0.5 0.5 0.5 0
sphere -21.630434782608695 2.1641220791391427 -1.7606439026487706 0.34873188405797106 0.1 0.1 0.1 0 0.5 0 0.5 0.5 0.5 0.5 0.5 0.5 0
sphere -21.630434782608695 2.606823386281582 0.9938627461009112 0.34873188405797106 0.1 0.1 0.1 0 0 0.5 0.5 0.5 0.5 0.5 0.5 0.5 0
sphere -21.630434782608695 0.4427013071424393 2.7545066487496803 0.34873188405797106 0.1 0.1 0.1 0.5 0.5 0 0.5 0.5 0.5 0.5 0.5 0.5 0
sphere -21.630434782608695 -2.164122079139144 1.7606439026487688 0.34873188405797106 0.1 0.1 0.1 0.5 0 0.5 0.5 0.5 0.5 0.5 0.5 0.5 0
sphere -20.869565217391305 -2.3608604499699726 -1.9207024392532055 0.3804347826086957 0.1 0.1 0.1 0 0.5 0.5 0.5 0.5 0.5 0.5 0.5 0.5 0
sphere -20.869565217391305 0.48294688051902623 -3.0049163440905597 0.3804347826086957 0.1 0.1 0.1 0.5 0 0 0.5 0.5 0.5 0.5 0.5 0.5 0
sphere -20.869565217391305 2.843807330488999 -1.0842139048373562 0.3804347826086957 0.1 0.1 0.1 0 0.5 0 0.5 0.5 0.5 0.5 0.5 0.5 0
sphere -20.869565217391305 2.3608604499699726 1.9207024392532053 0.3804347826086957 0.1 0.1 0.1 0 0 0.5 0.5 0.5 0.5 0.5 0.5 0.5 0
sphere -20.869565217391305 -0.4829468805190258 3.0049163440905597 0.3804347826086957 0.1 0.1 0.1 0.5 0.5 0 0.5 0.5 0.5 0.5 0.5 0.5 0
sphere -20.869565217391305 -2.843807330489 1.084213904837354 0.3804347826086957 0.1 0.1 0.1 0.5 0 0.5 0.5 0.5 0.5 0.5 0.5 0.5 0
sphere -20.108695652173914 -1.776803473489759 -2.7773813896201616 0.4121376811594203 0.1 0.1 0.1 0 0.5 0.5 0.5 0.5 0.5 0.5 0.5 0.5 0
sphere -20.108695652173914 1.5168811026643054 -2.9274476403846434 0.4121376811594203 0.1 0.1 0.1 0.5 0 0 0.5 0.5 0.5 0.5 0.5 0.5 0
sphere -20.108695652173914 3.2936845761540656 -0.150066250764483 0.4121376811594203 0.1 0.1 0.1 0 0.5 0 0.5 0.5 0.5 0.5 0.5 0.5 0
sphere -20.108695652173914 1.7768034734897595 2.7773813896201616 0.4121376811594203 0.1 0.1 0.1 0 0 0.5 0.5 0.5 0.5 0.5 0.5 0.5 0
sphere -20.108695652173914 -1.516881102664305 2.9274476403846434 0.4121376811594203 0.1 0.1 0.1 0.5 0.5 0 0.5 0.5 0.5 0.5 0.5 0.5 0
sphere -20.108695652173914 -3.2936845761540656 0.15006625076448046 0.4121376811594203 0.1 0.1 0.1 0.5 0 0.5 0.5 0.5 0.5 0.5 0.5 0.5 0
sphere -19.34782608695652 -0.8798972111342104 -3.4399747601507547 0.443840579710145 0.1 0.1 0.1 0 0.5 0.5 0.5 0.5 0.5 0.5 0.5 0.5 0
sphere -19.34782608695652 2.539156925100729 -2.482000717636684 0.443840579710145 0.1 0.1 0.1 0.5 0 0 0.5 0.5 0.5 0.5 0.5 0.5 0
sphere -19.34782608695652 3.4190541362349407 0.9579740425140694 0.443840579710145 0.1 0.1 0.1 0 0.5 0 0.5 0.5 0.5 0.5 0.5 0.5 0
sphere -19.34782608695652 0.8798972111342107 3.4399747601507547 0.443840579710145 0.1 0.1 0.1 0 0 0.5 0.5 0.5 0.5 0.5 0.5 0.5 0
sphere -19.34782608695652 -2.539156925100729 2.4820007176366845 0.443840579710145 0.1 0.1 0.1 0.5 0.5 0 0.5 0.5 0.5 0.5 0.5 0.5 0
sphere -19.34782608695652 -3.41905413623494 -0.9579740425140719 0.443840579710145 0.1 0.1 0.1 0.5 0 0.5 0.5 0.5 0.5 0.5 0.5 0.5 0
sphere -18.58695652173913 0.25961787693081545 -3.7954790132248775 0.4755434782608696 0.1 0.1 0.1 0 0.5 0.5 0.5 0.5 0.5 0.5 0.5 0.5 0
sphere -18.58695652173913 3.4167901834488448 -1.672903829913772 0.4755434782608696 0.1 0.1 0.1 0.5 0 0 0.5 0.5 0.5 0.5 0.5 0.5 0
sphere -18.58695652173913 3.1571723065180293 2.122575183311108 0.4755434782608696 0.1 0.1 0.1 0 0.5 0 0.5 0.5 0.5 0.5 0.5 0.5 0
sphere -18.58695652173913 -0.25961787693081495 3.7954790132248775 0.4755434782608696 0.1 0.1 0.1 0 0 0.5 0.5 0.5 0.5 0.5 0.5 0.5 0
sphere -18.58695652173913 -3.4167901834488443 1.6729038299137724 0.4755434782608696 0.1 0.1 0.1 0.5 0.5 0 0.5 0.5 0.5 0.5 0.5 0.5 0
sphere -18.58695652173913 -3.1571723065180297 -2.1225751833111075 0.4755434782608696 0.1 0.1 0.1 0.5 0 0.5 0.5 0.5 0.5 0.5 0.5 0.5 0
sphere -17.82608695652174 1.5315561566772768 -3.757853708356311 0.5072463768115942 0.1 0.1 0.1 0 0.5 0.5 0.5 0.5 0.5 0.5 0.5 0.5 0
sphere -17.82608695652174 4.020174853480762 -0.5525603151731752 0.5072463768115942 0.1 0.1 0.1 0.5 0 0 0.5 0.5 0.5 0.5 0.5 0.5 0
sphere -17.82608695652174 2.4886186968034854 3.2052933931831378 0.5072463768115942 0.1 0.1 0.1 0 0.5 0 0.5 0.5 0.5 0.5 0.5 0.5 0
sphere -17.82608695652174 -1.5315561566772764 3.757853708356311 0.5072463768115942 0.1 0.1 0.1 0 0 0.5 0.5 0.5 0.5 0.5 0.5 0.5 0
sphere -17.82608695652174 -4.020174853480762 0.5525603151731756 0.5072463768115942 0.1 0.1 0.1 0.5 0.5 0 0.5 0.5 0.5 0.5 0.5 0.5 0
sphere -17.82608695652174 -2.4886186968034854 -3.2052933931831373 0.5072463768115942 0.1 0.1 0.1 0.5 0 0.5 0.5 0.5 0.5 0.5 0.5 0.5 0
sphere -17.065217391304348 2.7964227770314505 -3.2817471295893745 0.5389492753623188 0.1 0.1 0.1 0 0.5 0.5 0.5 0.5 0.5 0.5 0.5 0.5 0
sphere -17.065217391304348 4.240287771536786 0.7808995998359742 0.5389492753623188 0.1 0.1 0.1 0.5 0 0 0.5 0.5 0.5 0.5 0.5 0.5 0
sphere -17.065217391304348 1.4438649945053383 4.062646729425349 0.5389492753623188 0.1 0.1 0.1 0 0.5 0 0.5 0.5 0.5 0.5 0.5 0.5 0
sphere -17.065217391304348 -2.7964227770314496 3.281747129589375 0.5389492753623188 0.1 0.1 0.1 0 0 0.5 0.5 0.5 0.5 0.5 0.5 0.5 0
sphere -17.065217391304348 -4.240287771536786 -0.7808995998359737 0.5389492753623188 0.1 0.1 0.1 0.5 0.5 0 0.5 0.5 0.5 0.5 0.5 0.5 0
sphere -17.065217391304348 -1.4438649945053352 -4.062646729425351 0.5389492753623188 0.1 0.1 0.1 0.5 0 0.5 0.5 0.5 0.5 0.5 0.5 0.5 0
sphere -16.304347826086957 3.9006103251035356 -2.3720136849443687 0.5706521739130435 0.1 0.1 0.1 0 0.5 0.5 0.5 0.5 0.5 0.5 0.5 0.5 0
sphere -16.304347826086957 4.00452927183793 2.1920207893313544 0.5706521739130435 0.1 0.1 0.1 0.5 0 0 0.5 0.5 0.5 0.5 0.5 0.5 0
sphere -16.304347826086957 0.1039189467343963 4.564034474275724 0.5706521739130435 0.1 0.1 0.1 0 0.5 0 0.5 0.5 0.5 0.5 0.5 0.5 0
sphere -16.304347826086957 -3.9006103251035356 2.372013684944369 0.5706521739130435 0.1 0.1 0.1 0 0 0.5 0.5 0.5 0.5 0.5 0.5 0.5 0
sphere -16.304347826086957 -4.004529271837931 -2.192020789331354 0.5706521739130435 0.1 0.1 0.1 0.5 0.5 0 0.5 0.5 0.5 0.5 0.5 0.5 0
sphere -16.304347826086957 -0.10391894673439281 -4.564034474275724 0.5706521739130435 0.1 0.1 0.1 0.5 0 0.5 0.5 0.5 0.5 0.5 0.5 0.5 0
sphere -15.543478260869563 4.69451007230336 -1.0875659583232244 0.6023550724637682 0.1 0.1 0.1 0 0.5 0.5 0.5 0.5 0.5 0.5 0.5 0.5 0
sphere -15.543478260869563 3.2891147843507618 3.5217820017750183 0.6023550724637682 0.1 0.1 0.1 0.5 0 0 0.5 0.5 0.5 0.5 0.5 0.5 0
sphere -15.543478260869563 -1.4053952879525966 4.609347960098245 0.6023550724637682 0.1 0.1 0.1 0 0.5 0 0.5 0.5 0.5 0.5 0.5 0.5 0
sphere -15.543478260869563 -4.69451007230336 1.087565958323225 0.6023550724637682 0.1 0.1 0.1 0 0 0.5 0.5 0.5 0.5 0.5 0.5 0.5 0
sphere -15.543478260869563 -3.2891147843507618 -3.521782001775018 0.6023550724637682 0.1 0.1 0.1 0.5 0.5 0 0.5 0.5 0.5 0.5 0.5 0.5 0
sphere -15.543478260869563 1.4053952879526002 -4.609347960098243 0.6023550724637682 0.1 0.1 0.1 0.5 0 0.5 0.5 0.5 0.5 0.5 0.5 0.5 0
sphere -14.782608695652172 5.051447751971535 0.4612637943202422 0.6340579710144928 0.1 0.1 0.1 0 0.5 0.5 0.5 0.5 0.5 0.5 0.5 0.5 0
sphere -14.782608695652172 2.126257712258439 4.605313976257264 0.6340579710144928 0.1 0.1 0.1 0.5 0 0 0.5 0.5 0.5 0.5 0.5 0.5 0
sphere -14.782608695652172 -2.9251900397130988 4.144050181937022 0.6340579710144928 0.1 0.1 0.1 0 0.5 0 0.5 0.5 0.5 0.5 0.5 0.5 0
sphere -14.782608695652172 -5.051447751971535 -0.46126379432024156 0.6340579710144928 0.1 0.1 0.1 0 0 0.5 0.5 0.5 0.5 0.5 0.5 0.5 0
sphere -14.782608695652172 -2.1262577122584396 -4.605313976257264 0.6340579710144928 0.1 0.1 0.1 0.5 0.5 0 0.5 0.5 0.5 0.5 0.5 0.5 0
sphere -14.782608695652172 2.925190039713098 -4.144050181937023 0.6340579710144928 0.1 0.1 0.1 0.5 0 0.5 0.5 0.5 0.5 0.5 0.5 0.5 0
sphere -14.021739130434781 4.8851471493225205 2.1219188480941145 0.6657608695652174 0.1 0.1 0.1 0 0.5 0.5 0.5 0.5 0.5 0.5 0.5 0.5 0
sphere -14.021739130434781 0.6049379474427455 5.291620956585493 0.6657608695652174 0.1 0.1 0.1 0.5 0 0 0.5 0.5 0.5 0.5 0.5 0.5 0
sphere -14.021739130434781 -4.280209201879776 3.169702108491379 0.6657608695652174 0.1 0.1 0.1 0 0.5 0 0.5 0.5 0.5 0.5 0.5 0.5 0
sphere -14.021739130434781 -4.8851471493225205 -2.121918848094114 0.6657608695652174 0.1 0.1 0.1 0 0 0.5 0.5 0.5 0.5 0.5 0.5 0.5 0
sphere -14.021739130434781 -0.6049379474427462 -5.291620956585493 0.6657608695652174 0.1 0.1 0.1 0.5 0.5 0 0.5 0.5 0.5 0.5 0.5 0.5 0
sphere -14.021739130434781 4.280209201879777 -3.1697021084913772 0.6657608695652174 0.1 0.1 0.1 0.5 0 0.5 0.5 0.5 0.5 0.5 0.5 0.5 0
sphere -13.260869565217389 4.163488681903749 3.7146368997610866 0.6974637681159421 0.1 0.1 0.1 0 0.5 0.5 0.5 0.5 0.5 0.5 0.5 0.5 0
sphere -13.260869565217389 -1.1352255800762943 5.463005416778178 0.6974637681159421 0.1 0.1 0.1 0.5 0 0 0.5 0.5 0.5 0.5 0.5 0.5 0
sphere -13.260869565217389 -5.298714261980044 1.7483685170170922 0.6974637681159421 0.1 0.1 0.1 0 0.5 0 0.5 0.5 0.5 0.5 0.5 0.5 0
sphere -13.260869565217389 -4.1634886819037495 -3.7146368997610866 0.6974637681159421 0.1 0.1 0.1 0 0 0.5 0.5 0.5 0.5 0.5 0.5 0.5 0
sphere -13.260869565217389 1.1352255800762936 -5.463005416778179 0.6974637681159421 0.1 0.1 0.1 0.5 0.5 0 0.5 0.5 0.5 0.5 0.5 0.5 0
sphere -13.260869565217389 5.298714261980045 -1.7483685170170906 0.6974637681159421 0.1 0.1 0.1 0.5 0 0.5 0.5 0.5 0.5 0.5 0.5 0.5 0
sphere -12.499999999999998 2.916666666666663 5.051814855409228 0.7291666666666667 0.1 0.1 0.1 0 0.5 0.5 0.5 0.5 0.5 0.5 0.5 0.5 0
sphere -12.499999999999998 -2.9166666666666696 5.051814855409225 0.7291666666666667 0.1 0.1 0.1 0.5 0 0 0.5 0.5 0.5 0.5 0.5 0.5 0
sphere -12.499999999999998 -5.833333333333334 -3.304897690294655e-15 0.7291666666666667 0.1 0.1 0.1 0 0.5 0 0.5 0.5 0.5 0.5 0.5 0.5 0
sphere -12.499999999999998 -2.9166666666666634 -5.051814855409227 0.7291666666666667 0.1 0.1 0.1 0 0 0.5 0.5 0.5 0.5 0.5 0.5 0.5 0
sphere -12.499999999999998 2.9166666666666687 -5.051814855409225 0.7291666666666667 0.1 0.1 0.1 0.5 0.5 0 0.5 0.5 0.5 0.5 0.5 0.5 0
sphere -12.499999999999998 5.833333333333334 5.181040781584064e-15 0.7291666666666667 0.1 0.1 0.1 0.5 0 0.5 0.5 0.5 0.5 0.5 0.5 0.5 0
sphere -11.739130434782608 1.238427905537768 5.959642272848924 0.7608695652173914 0.1 0.1 0.1 0 0.5 0.5 0.5 0.5 0.5 0.5 0.5 0.5 0
sphere -11.739130434782608 -4.541987652985912 4.052331163375725 0.7608695652173914 0.1 0.1 0.1 0.5 0 0 0.5 0.5 0.5 0.5 0.5 0.5 0
sphere -11.739130434782608 -5.780415558523682 -1.907311109473198 0.7608695652173914 0.1 0.1 0.1 0 0.5 0 0.5 0.5 0.5 0.5 0.5 0.5 0
sphere -11.739130434782608 -1.2384279055377687 -5.959642272848923 0.7608695652173914 0.1 0.1 0.1 0 0 0.5 0.5 0.5 0.5 0.5 0.5 0.5 0
sphere -11.739130434782608 4.541987652985912 -4.052331163375726 0.7608695652173914 0.1 0.1 0.1 0.5 0.5 0 0.5 0.5 0.5 0.5 0.5 0.5 0
sphere -11.739130434782608 5.780415558523682 1.9073111094731996 0.7608695652173914 0.1 0.1 0.1 0.5 0 0.5 0.5 0.5 0.5 0.5 0.5 0.5 0
sphere -10.978260869565217 -0.7201642231461335 6.299548757839871 0.792572463768116 0.1 0.1 0.1 0 0.5 0.5 0.5 0.5 0.5 0.5 0.5 0.5 0
sphere -10.978260869565217 -5.815651368241099 2.5260938667787007 0.792572463768116 0.1 0.1 0.1 0.5 0 0 0.5 0.5 0.5 0.5 0.5 0.5 0
sphere -10.978260869565217 -5.0954871450949675 -3.773454891061171 0.792572463768116 0.1 0.1 0.1 0 0.5 0 0.5 0.5 0.5 0.5 0.5 0.5 0
sphere -10.978260869565217 0.7201642231461327 -6.2995487578398714 0.792572463768116 0.1 0.1 0.1 0 0 0.5 0.5 0.5 0.5 0.5 0.5 0.5 0
sphere -10.978260869565217 5.815651368241099 -2.5260938667787016 0.792572463768116 0.1 0.1 0.1 0.5 0.5 0 0.5 0.5 0.5 0.5 0.5 0.5 0
sphere -10.978260869565217 5.095487145094966 3.773454891061173 0.792572463768116 0.1 0.1 0.1 0.5 0 0.5 0.5 0.5 0.5 0.5 0.5 0.5 0
sphere -10.217391304347826 -2.764135025935973 5.986908169134442 0.8242753623188406 0.1 0.1 0.1 0 0.5 0.5 0.5 0.5 0.5 0.5 0.5 0.5 0
sphere -10.217391304347826 -6.566882077562996 0.5996429326163124 0.8242753623188406 0.1 0.1 0.1 0.5 0 0 0.5 0.5 0.5 0.5 0.5 0.5 0
sphere -10.217391304347826 -3.802747051627024 -5.3872652365181315 0.8242753623188406 0.1 0.1 0.1 0 0.5 0 0.5 0.5 0.5 0.5 0.5 0.5 0
sphere -10.217391304347826 2.764135025935972 -5.986908169134442 0.8242753623188406 0.1 0.1 0.1 0 0 0.5 0.5 0.5 0.5 0.5 0.5 0.5 0
sphere -10.217391304347826 6.566882077562996 -0.5996429326163132 0.8242753623188406 0.1 0.1 0.1 0.5 0.5 0 0.5 0.5 0.5 0.5 0.5 0.5 0
sphere -10.217391304347826 3.8027470516270228 5.3872652365181315 0.8242753623188406 0.1 0.1 0.1 0.5 0 0.5 0.5 0.5 0.5 0.5 0.5 0.5 0
sphere -9.456521739130434 -4.674005219866873 5.004637581469761 0.8559782608695653 0.1 0.1 0.1 0 0.5 0.5 0.5 0.5 0.5 0.5 0.5 0.5 0
sphere -9.456521739130434 -6.671145892220563 -1.5454884670909002 0.8559782608695653 0.1 0.1 0.1 0.5 0 0 0.5 0.5 0.5 0.5 0.5 0.5 0
sphere -9.456521739130434 -1.997140672353691 -6.550126048560664 0.8559782608695653 0.1 0.1 0.1 0 0.5 0 0.5 0.5 0.5 0.5 0.5 0.5 0
sphere -9.456521739130434 4.6740052198668725 -5.004637581469761 0.8559782608695653 0.1 0.1 0.1 0 0 0.5 0.5 0.5 0.5 0.5 0.5 0.5 0
sphere -9.456521739130434 6.671145892220563 1.5454884670908993 0.8559782608695653 0.1 0.1 0.1 0.5 0.5 0 0.5 0.5 0.5 0.5 0.5 0.5 0
sphere -9.456521739130434 1.997140672353689 6.550126048560664 0.8559782608695653 0.1 0.1 0.1 0.5 0 0.5 0.5 0.5 0.5 0.5 0.5 0.5 0
sphere -8.695652173913043 -6.229267756192339 3.4098101167376575 0.8876811594202899 0.1 0.1 0.1 0 0.5 0.5 0.5 0.5 0.5 0.5 0.5 0.5 0
sphere -8.695652173913043 -6.067616061272163 -3.689799065469026 0.8876811594202899 0.1 0.1 0.1 0.5 0 0 0.5 0.5 0.5 0.5 0.5 0.5 0
sphere -8.695652173913043 0.1616516949201738 -7.099609182206683 0.8876811594202899 0.1 0.1 0.1 0 0.5 0 0.5 0.5 0.5 0.5 0.5 0.5 0
sphere -8.695652173913043 6.229267756192338 -3.4098101167376584 0.8876811594202899 0.1 0.1 0.1 0 0 0.5 0.5 0.5 0.5 0.5 0.5 0.5 0
sphere -8.695652173913043 6.067616061272165 3.689799065469023 0.8876811594202899 0.1 0.1 0.1 0.5 0.5 0 0.5 0.5 0.5 0.5 0.5 0.5 0
sphere -8.695652173913043 -0.16165169492017606 7.099609182206683 0.8876811594202899 0.1 0.1 0.1 0.5 0 0.5 0.5 0.5 0.5 0.5 0.5 0.5 0
sphere -7.934782608695651 -7.233432080856873 1.3321228467790056 0.9193840579710145 0.1 0.1 0.1 0 0.5 0.5 0.5 0.5 0.5 0.5 0.5 0.5 0
sphere -7.934782608695651 -4.770368266700703 -5.598274515181881 0.9193840579710145 0.1 0.1 0.1 0.5 0 0 0.5 0.5 0.5 0.5 0.5 0.5 0
sphere -7.934782608695651 2.46306381415617 -6.930397361960889 0.9193840579710145 0.1 0.1 0.1 0 0.5 0 0.5 0.5 0.5 0.5 0.5 0.5 0
sphere -7.934782608695651 7.233432080856873 -1.3321228467790067 0.9193840579710145 0.1 0.1 0.1 0 0 0.5 0.5 0.5 0.5 0.5 0.5 0.5 0
sphere -7.934782608695651 4.770368266700703 5.59827451518188 0.9193840579710145 0.1 0.1 0.1 0.5 0.5 0 0.5 0.5 0.5 0.5 0.5 0.5 0
sphere -7.934782608695651 -2.4630638141561727 6.930397361960888 0.9193840579710145 0.1 0.1 0.1 0.5 0 0.5 0.5 0.5 0.5 0.5 0.5 0.5 0
sphere -7.173913043478258 -7.537827850276429 -1.036050590949713 0.9510869565217392 0.1 0.1 0.1 0 0.5 0.5 0.5 0.5 0.5 0.5 0.5 0.5 0
sphere -7.173913043478258 -2.871667793769884 -7.045975703168088 0.9510869565217392 0.1 0.1 0.1 0.5 0 0 0.5 0.5 0.5 0.5 0.5 0.5 0
sphere -7.173913043478258 4.666160056506545 -6.009925112218377 0.9510869565217392 0.1 0.1 0.1 0 0.5 0 0.5 0.5 0.5 0.5 0.5 0.5 0
sphere -7.173913043478258 7.537827850276429 1.036050590949712 0.9510869565217392 0.1 0.1 0.1 0 0 0.5 0.5 0.5 0.5 0.5 0.5 0.5 0
sphere -7.173913043478258 2.8716677937698862 7.045975703168087 0.9510869565217392 0.1 0.1 0.1 0.5 0.5 0 0.5 0.5 0.5 0.5 0.5 0.5 0
sphere -7.173913043478258 -4.666160056506547 6.009925112218375 0.9510869565217392 0.1 0.1 0.1 0.5 0 0.5 0.5 0.5 0.5 0.5 0.5 0.5 0
sphere -6.413043478260867 -7.061366379127608 -3.457334581821804 0.9827898550724639 0.1 0.1 0.1 0 0.5 0.5 0.5 0.5 0.5 0.5 0.5 0.5 0
sphere -6.413043478260867 -0.5365436123236735 -7.843989960664747 0.9827898550724639 0.1 0.1 0.1 0.5 0 0 0.5 0.5 0.5 0.5 0.5 0.5 0
sphere -6.413043478260867 6.524822766803934 -4.386655378842946 0.9827898550724639 0.1 0.1 0.1 0 0.5 0 0.5 0.5 0.5 0.5 0.5 0.5 0
sphere -6.413043478260867 7.061366379127608 3.457334581821803 0.9827898550724639 0.1 0.1 0.1 0 0 0.5 0.5 0.5 0.5 0.5 0.5 0.5 0
sphere -6.413043478260867 0.5365436123236762 7.843989960664747 0.9827898550724639 0.1 0.1 0.1 0.5 0.5 0 0.5 0.5 0.5 0.5 0.5 0.5 0
sphere -6.413043478260867 -6.524822766803935 4.386655378842943 0.9827898550724639 0.1 0.1 0.1 0.5 0 0.5 0.5 0.5 0.5 0.5 0.5 0.5 0
sphere -5.652173913043477 -5.803787257373092 -5.67314449745528 1.0144927536231885 0.1 0.1 0.1 0 0.5 0.5 0.5 0.5 0.5 0.5 0.5 0.5 0
sphere -5.652173913043477 2.011193625449628 -7.862799451773152 1.0144927536231885 0.1 0.1 0.1 0.5 0 0 0.5 0.5 0.5 0.5 0.5 0.5 0
sphere -5.652173913043477 7.814980882822721 -2.1896549543178736 1.0144927536231885 0.1 0.1 0.1 0 0.5 0 0.5 0.5 0.5 0.5 0.5 0.5 0
sphere -5.652173913043477 5.803787257373093 5.673144497455279 1.0144927536231885 0.1 0.1 0.1 0 0 0.5 0.5 0.5 0.5 0.5 0.5 0.5 0
sphere -5.652173913043477 -2.0111936254496254 7.862799451773153 1.0144927536231885 0.1 0.1 0.1 0.5 0.5 0 0.5 0.5 0.5 0.5 0.5 0.5 0
sphere -5.652173913043477 -7.814980882822722 2.189654954317871 1.0144927536231885 0.1 0.1 0.1 0.5 0 0.5 0.5 0.5 0.5 0.5 0.5 0.5 0
sphere -4.891304347826086 -3.8505443375324653 -7.431213240976404 1.046195652173913 0.1 0.1 0.1 0 0.5 0.5 0.5 0.5 0.5 0.5 0.5 0.5 0
sphere -4.891304347826086 4.510347278858624 -7.05027583518964 1.046195652173913 0.1 0.1 0.1 0.5 0 0 0.5 0.5 0.5 0.5 0.5 0.5 0
sphere -4.891304347826086 8.36089161639109 0.38093740578676283 1.046195652173913 0.1 0.1 0.1 0 0.5 0 0.5 0.5 0.5 0.5 0.5 0.5 0
sphere -4.891304347826086 3.850544337532466 7.431213240976404 1.046195652173913 0.1 0.1 0.1 0 0 0.5 0.5 0.5 0.5 0.5 0.5 0.5 0
sphere -4.891304347826086 -4.510347278858621 7.050275835189641 1.046195652173913 0.1 0.1 0.1 0.5 0.5 0 0.5 0.5 0.5 0.5 0.5 0.5 0
sphere -4.891304347826086 -8.36089161639109 -0.38093740578676555 1.046195652173913 0.1 0.1 0.1 0.5 0 0.5 0.5 0.5 0.5 0.5 0.5 0.5 0
sphere -4.130434782608695 -1.3683494948039063 -8.51392964158992 1.0778985507246377 0.1 0.1 0.1 0 0.5 0.5 0.5 0.5 0.5 0.5 0.5 0.5 0
sphere -4.130434782608695 6.689104608248257 -5.4419902445507455 1.0778985507246377 0.1 0.1 0.1 0.5 0 0 0.5 0.5 0.5 0.5 0.5 0.5 0
sphere -4.130434782608695 8.057454103052164 3.071939397039172 1.0778985507246377 0.1 0.1 0.1 0 0.5 0 0.5 0.5 0.5 0.5 0.5 0.5 0
sphere -4.130434782608695 1.3683494948039072 8.51392964158992 1.0778985507246377 0.1 0.1 0.1 0 0 0.5 0.5 0.5 0.5 0.5 0.5 0.5 0
sphere -4.130434782608695 -6.689104608248257 5.441990244550746 1.0778985507246377 0.1 0.1 0.1 0.5 0.5 0 0.5 0.5 0.5 0.5 0.5 0.5 0
sphere -4.130434782608695 -8.057454103052164 -3.071939397039177 1.0778985507246377 0.1 0.1 0.1 0.5 0 0.5 0.5 0.5 0.5 0.5 0.5 0.5 0
sphere -3.3695652173913047 1.4085950681804909 -8.7643393369308 1.1096014492753623 0.1 0.1 0.1 0 0.5 0.5 0.5 0.5 0.5 0.5 0.5 0.5 0
sphere -3.3695652173913047 8.294438047259579 -3.162290555775622 1.1096014492753623 0.1 0.1 0.1 0.5 0 0 0.5 0.5 0.5 0.5 0.5 0.5 0
sphere -3.3695652173913047 6.885842979079091 5.602048781155176 1.1096014492753623 0.1 0.1 0.1 0 0.5 0 0.5 0.5 0.5 0.5 0.5 0.5 0
sphere -3.3695652173913047 -1.4085950681804897 8.7643393369308 1.1096014492753623 0.1 0.1 0.1 0 0 0.5 0.5 0.5 0.5 0.5 0.5 0.5 0
sphere -3.3695652173913047 -8.294438047259579 3.162290555775625 1.1096014492753623 0.1 0.1 0.1 0.5 0.5 0 0.5 0.5 0.5 0.5 0.5 0.5 0
sphere -3.3695652173913047 -6.885842979079088 -5.602048781155179 1.1096014492753623 0.1 0.1 0.1 0.5 0 0.5 0.5 0.5 0.5 0.5 0.5 0.5 0
sphere -2.608695652173914 4.2005938227626896 -8.106778081065167 1.141304347826087 0.1 0.1 0.1 0 0.5 0.5 0.5 0.5 0.5 0.5 0.5 0.5 0
sphere -2.608695652173914 9.120972672426642 -0.41556807904010695 1.141304347826087 0.1 0.1 0.1 0.5 0 0 0.5 0.5 0.5 0.5 0.5 0.5 0
sphere -2.608695652173914 4.920378849663955 7.691210002025059 1.141304347826087 0.1 0.1 0.1 0 0.5 0 0.5 0.5 0.5 0.5 0.5 0.5 0
sphere -2.608695652173914 -4.2005938227626896 8.106778081065167 1.141304347826087 0.1 0.1 0.1 0 0 0.5 0.5 0.5 0.5 0.5 0.5 0.5 0
sphere -2.608695652173914 -9.120972672426642 0.41556807904011006 1.141304347826087 0.1 0.1 0.1 0.5 0.5 0 0.5 0.5 0.5 0.5 0.5 0.5 0
sphere -2.608695652173914 -4.920378849663952 -7.691210002025061 1.141304347826087 0.1 0.1 0.1 0.5 0 0.5 0.5 0.5 0.5 0.5 0.5 0.5 0
sphere -1.847826086956518 6.710629016337655 -6.559573325182652 1.1730072463768118 0.1 0.1 0.1 0 0.5 0.5 0.5 0.5 0.5 0.5 0.5 0.5 0
sphere -1.847826086956518 9.036071645763766 2.531788540930061 1.1730072463768118 0.1 0.1 0.1 0.5 0 0 0.5 0.5 0.5 0.5 0.5 0.5 0
sphere -1.847826086956518 2.325442629426114 9.091361866112713 1.1730072463768118 0.1 0.1 0.1 0 0.5 0 0.5 0.5 0.5 0.5 0.5 0.5 0
sphere -1.847826086956518 -6.710629016337653 6.559573325182654 1.1730072463768118 0.1 0.1 0.1 0 0 0.5 0.5 0.5 0.5 0.5 0.5 0.5 0
sphere -1.847826086956518 -9.036071645763768 -2.531788540930057 1.1730072463768118 0.1 0.1 0.1 0.5 0.5 0 0.5 0.5 0.5 0.5 0.5 0.5 0
sphere -1.847826086956518 -2.3254426294261075 -9.091361866112713 1.1730072463768118 0.1 0.1 0.1 0.5 0 0.5 0.5 0.5 0.5 0.5 0.5 0.5 0
sphere -1.0869565217391273 8.655868464737077 -4.238023035781546 1.2047101449275364 0.1 0.1 0.1 0 0.5 0.5 0.5 0.5 0.5 0.5 0.5 0.5 0
sphere -1.0869565217391273 7.998169843179005 5.377190464388143 1.2047101449275364 0.1 0.1 0.1 0.5 0 0 0.5 0.5 0.5 0.5 0.5 0.5 0
sphere -1.0869565217391273 -0.6576986215580707 9.61521350016969 1.2047101449275364 0.1 0.1 0.1 0 0.5 0 0.5 0.5 0.5 0.5 0.5 0.5 0
sphere -1.0869565217391273 -8.655868464737077 4.238023035781547 1.2047101449275364 0.1 0.1 0.1 0 0 0.5 0.5 0.5 0.5 0.5 0.5 0.5 0
sphere -1.0869565217391273 -7.998169843179007 -5.37719046438814 1.2047101449275364 0.1 0.1 0.1 0.5 0.5 0 0.5 0.5 0.5 0.5 0.5 0.5 0
sphere -1.0869565217391273 0.657698621558078 -9.61521350016969 1.2047101449275364 0.1 0.1 0.1 0.5 0 0.5 0.5 0.5 0.5 0.5 0.5 0.5 0
sphere -0.3260869565217366 9.79917620535936 -1.3468657682346024 1.236413043478261 0.1 0.1 0.1 0 0.5 0.5 0.5 0.5 0.5 0.5 0.5 0.5 0
sphere -0.3260869565217366 6.066008073458492 7.812902645883901 1.236413043478261 0.1 0.1 0.1 0.5 0 0 0.5 0.5 0.5 0.5 0.5 0.5 0
sphere -0.3260869565217366 -3.7331681319008694 9.159768414118506 1.236413043478261 0.1 0.1 0.1 0 0.5 0 0.5 0.5 0.5 0.5 0.5 0.5 0
sphere -0.3260869565217366 -9.79917620535936 1.346865768234605 1.236413043478261 0.1 0.1 0.1 0 0 0.5 0.5 0.5 0.5 0.5 0.5 0.5 0
sphere -0.3260869565217366 -6.066008073458492 -7.812902645883901 1.236413043478261 0.1 0.1 0.1 0.5 0.5 0 0.5 0.5 0.5 0.5 0.5 0.5 0
sphere -0.3260869565217366 3.7331681319008743 -9.159768414118505 1.236413043478261 0.1 0.1 0.1 0.5 0 0.5 0.5 0.5 0.5 0.5 0.5 0.5 0
sphere 0.4347826086956541 9.692086334941225 1.7849133710536584 1.2318840579710144 0.1 0.1 0.1 0 0.5 0.5 0.5 0.5 0.5 0.5 0.5 0.5 0
sphere 0.4347826086956541 3.3002628445836244 9.286049667257943 1.2318840579710144 0.1 0.1 0.1 0.5 0 0 0.5 0.5 0.5 0.5 0.5 0.5 0
sphere 0.4347826086956541 -6.391823490357598 7.501136296204287 1.2318840579710144 0.1 0.1 0.1 0 0.5 0 0.5 0.5 0.5 0.5 0.5 0.5 0
sphere 0.4347826086956541 -9.692086334941225 -1.784913371053656 1.2318840579710144 0.1 0.1 0.1 0 0 0.5 0.5 0.5 0.5 0.5 0.5 0.5 0
sphere 0.4347826086956541 -3.3002628445836257 -9.286049667257943 1.2318840579710144 0.1 0.1 0.1 0.5 0.5 0 0.5 0.5 0.5 0.5 0.5 0.5 0
sphere 0.4347826086956541 6.391823490357603 -7.501136296204282 1.2318840579710144 0.1 0.1 0.1 0.5 0 0.5 0.5 0.5 0.5 0.5 0.5 0.5 0
sphere 1.1956521739130448 8.422224262198819 4.610202453752455 1.2001811594202898 0.1 0.1 0.1 0 0.5 0.5 0.5 0.5 0.5 0.5 0.5 0.5 0
sphere 1.1956521739130448 0.2185596895604305 9.598961394310054 1.2001811594202898 0.1 0.1 0.1 0.5 0 0 0.5 0.5 0.5 0.5 0.5 0.5 0
sphere 1.1956521739130448 -8.203664572638386 4.988758940557603 1.2001811594202898 0.1 0.1 0.1 0 0.5 0 0.5 0.5 0.5 0.5 0.5 0.5 0
sphere 1.1956521739130448 -8.422224262198819 -4.610202453752456 1.2001811594202898 0.1 0.1 0.1 0 0 0.5 0.5 0.5 0.5 0.5 0.5 0.5 0
sphere 1.1956521739130448 -0.21855968956043167 -9.598961394310054 1.2001811594202898 0.1 0.1 0.1 0.5 0.5 0 0.5 0.5 0.5 0.5 0.5 0.5 0
sphere 1.1956521739130448 8.20366457263839 -4.988758940557597 1.2001811594202898 0.1 0.1 0.1 0.5 0 0.5 0.5 0.5 0.5 0.5 0.5 0.5 0
sphere 1.9565217391304355 6.380388077913504 6.831727492165074 1.1684782608695652 0.1 0.1 0.1 0 0.5 0.5 0.5 0.5 0.5 0.5 0.5 0.5 0
sphere 1.9565217391304355 -2.726255520990757 8.941441907558998 1.1684782608695652 0.1 0.1 0.1 0.5 0 0 0.5 0.5 0.5 0.5 0.5 0.5 0
sphere 1.9565217391304355 -9.10664359890426 2.109714415393927 1.1684782608695652 0.1 0.1 0.1 0 0.5 0 0.5 0.5 0.5 0.5 0.5 0.5 0
sphere 1.9565217391304355 -6.380388077913502 -6.831727492165076 1.1684782608695652 0.1 0.1 0.1 0 0 0.5 0.5 0.5 0.5 0.5 0.5 0.5 0
sphere 1.9565217391304355 2.7262555209907555 -8.941441907558998 1.1684782608695652 0.1 0.1 0.1 0.5 0.5 0 0.5 0.5 0.5 0.5 0.5 0.5 0
sphere 1.9565217391304355 9.106643598904261 -2.10971441539392 1.1684782608695652 0.1 0.1 0.1 0.5 0 0.5 0.5 0.5 0.5 0.5 0.5 0.5 0
sphere 2.717391304347826 3.812076326977634 8.256670057432665 1.1367753623188406 0.1 0.1 0.1 0 0.5 0.5 0.5 0.5 0.5 0.5 0.5 0.5 0
sphere 2.717391304347826 -5.2444478569141895 7.4296899690442375 1.1367753623188406 0.1 0.1 0.1 0.5 0 0 0.5 0.5 0.5 0.5 0.5 0.5 0
sphere 2.717391304347826 -9.056524183891824 -0.8269800883884229 1.1367753623188406 0.1 0.1 0.1 0 0.5 0 0.5 0.5 0.5 0.5 0.5 0.5 0
sphere 2.717391304347826 -3.812076326977633 -8.256670057432665 1.1367753623188406 0.1 0.1 0.1 0 0 0.5 0.5 0.5 0.5 0.5 0.5 0.5 0
sphere 2.717391304347826 5.244447856914189 -7.429689969044239 1.1367753623188406 0.1 0.1 0.1 0.5 0.5 0 0.5 0.5 0.5 0.5 0.5 0.5 0
sphere 2.717391304347826 9.056524183891824 0.8269800883884297 1.1367753623188406 0.1 0.1 0.1 0.5 0 0.5 0.5 0.5 0.5 0.5 0.5 0.5 0
sphere 3.478260869565222 1.0041146882722967 8.78337083950245 1.1050724637681157 0.1 0.1 0.1 0 0.5 0.5 0.5 0.5 0.5 0.5 0.5 0.5 0
sphere 3.478260869565222 -7.104564933732424 5.261274248108127 1.1050724637681157 0.1 0.1 0.1 0.5 0 0 0.5 0.5 0.5 0.5 0.5 0.5 0
sphere 3.478260869565222 -8.108679622004722 -3.5220965913943236 1.1050724637681157 0.1 0.1 0.1 0 0.5 0 0.5 0.5 0.5 0.5 0.5 0.5 0
sphere 3.478260869565222 -1.0041146882722998 -8.78337083950245 1.1050724637681157 0.1 0.1 0.1 0 0 0.5 0.5 0.5 0.5 0.5 0.5 0.5 0
sphere 3.478260869565222 7.104564933732421 -5.261274248108132 1.1050724637681157 0.1 0.1 0.1 0.5 0.5 0 0.5 0.5 0.5 0.5 0.5 0.5 0
sphere 3.478260869565222 8.108679622004722 3.5220965913943227 1.1050724637681157 0.1 0.1 0.1 0.5 0 0.5 0.5 0.5 0.5 0.5 0.5 0.5 0
sphere 4.239130434782613 -1.7470679381693688 8.407352492054725 1.0733695652173911 0.1 0.1 0.1 0 0.5 0.5 0.5 0.5 0.5 0.5 0.5 0.5 0
sphere 4.239130434782613 -8.154514805774484 2.690671029435389 1.0733695652173911 0.1 0.1 0.1 0.5 0 0 0.5 0.5 0.5 0.5 0.5 0.5 0
sphere 4.239130434782613 -6.407446867605116 -5.716681462619337 1.0733695652173911 0.1 0.1 0.1 0 0.5 0 0.5 0.5 0.5 0.5 0.5 0.5 0
sphere 4.239130434782613 1.7470679381693657 -8.407352492054725 1.0733695652173911 0.1 0.1 0.1 0 0 0.5 0.5 0.5 0.5 0.5 0.5 0.5 0
sphere 4.239130434782613 8.154514805774483 -2.6906710294353937 1.0733695652173911 0.1 0.1 0.1 0.5 0.5 0 0.5 0.5 0.5 0.5 0.5 0.5 0
sphere 4.239130434782613 6.407446867605116 5.716681462619336 1.0733695652173911 0.1 0.1 0.1 0.5 0 0.5 0.5 0.5 0.5 0.5 0.5 0.5 0
sphere 5.0000000000000036 -4.166666666666677 7.216878364870314 1.0416666666666665 0.1 0.1 0.1 0 0.5 0.5 0.5 0.5 0.5 0.5 0.5 0.5 0
sphere 5.0000000000000036 -8.333333333333332 -1.378243466237929e-14 1.0416666666666665 0.1 0.1 0.1 0.5 0 0 0.5 0.5 0.5 0.5 0.5 0.5 0
sphere 5.0000000000000036 -4.166666666666656 -7.216878364870326 1.0416666666666665 0.1 0.1 0.1 0 0.5 0 0.5 0.5 0.5 0.5 0.5 0.5 0
sphere 5.0000000000000036 4.166666666666673 -7.2168783648703165 1.0416666666666665 0.1 0.1 0.1 0 0 0.5 0.5 0.5 0.5 0.5 0.5 0.5 0
sphere 5.0000000000000036 8.333333333333332 1.276189566308983e-14 1.0416666666666665 0.1 0.1 0.1 0.5 0.5 0 0.5 0.5 0.5 0.5 0.5 0.5 0
sphere 5.0000000000000036 4.166666666666651 7.21687836487033 1.0416666666666665 0.1 0.1 0.1 0.5 0 0.5 0.5 0.5 0.5 0.5 0.5 0.5 0
sphere 5.760869565217394 -6.028947896522972 5.378987199004675 1.009963768115942 0.1 0.1 0.1 0 0.5 0.5 0.5 0.5 0.5 0.5 0.5 0.5 0
sphere 5.760869565217394 -7.672813509230836 -2.531728436979312 1.009963768115942 0.1 0.1 0.1 0.5 0 0 0.5 0.5 0.5 0.5 0.5 0.5 0
sphere 5.760869565217394 -1.6438656127078661 -7.910715635983987 1.009963768115942 0.1 0.1 0.1 0 0.5 0 0.5 0.5 0.5 0.5 0.5 0.5 0
sphere 5.760869565217394 6.028947896522968 -5.378987199004678 1.009963768115942 0.1 0.1 0.1 0 0 0.5 0.5 0.5 0.5 0.5 0.5 0.5 0
sphere 5.760869565217394 7.672813509230837 2.531728436979311 1.009963768115942 0.1 0.1 0.1 0.5 0.5 0 0.5 0.5 0.5 0.5 0.5 0.5 0
sphere 5.760869565217394 1.6438656127078601 7.910715635983988 1.009963768115942 0.1 0.1 0.1 0.5 0 0.5 0.5 0.5 0.5 0.5 0.5 0.5 0
sphere 6.521739130434785 -7.178175403086156 3.1179215727097085 0.9782608695652173 0.1 0.1 0.1 0 0.5 0.5 0.5 0.5 0.5 0.5 0.5 0.5 0
sphere 6.521739130434785 -6.2892869905172155 -4.657521465538361 0.9782608695652173 0.1 0.1 0.1 0.5 0 0 0.5 0.5 0.5 0.5 0.5 0.5 0
sphere 6.521739130434785 0.888888412568939 -7.775443038248069 0.9782608695652173 0.1 0.1 0.1 0 0.5 0 0.5 0.5 0.5 0.5 0.5 0.5 0
sphere 6.521739130434785 7.178175403086154 -3.117921572709713 0.9782608695652173 0.1 0.1 0.1 0 0 0.5 0.5 0.5 0.5 0.5 0.5 0.5 0
sphere 6.521739130434785 6.2892869905172155 4.65752146553836 0.9782608695652173 0.1 0.1 0.1 0.5 0.5 0 0.5 0.5 0.5 0.5 0.5 0.5 0
sphere 6.521739130434785 -0.888888412568945 7.775443038248068 0.9782608695652173 0.1 0.1 0.1 0.5 0 0.5 0.5 0.5 0.5 0.5 0.5 0.5 0
sphere 7.282608695652176 -7.541089858300363 0.6886009500923506 0.9465579710144927 0.1 0.1 0.1 0 0.5 0.5 0.5 0.5 0.5 0.5 0.5 0.5 0
sphere 7.282608695652176 -4.366890845000257 -6.186474914463132 0.9465579710144927 0.1 0.1 0.1 0.5 0 0 0.5 0.5 0.5 0.5 0.5 0.5 0
sphere 7.282608695652176 3.1741990133001043 -6.875075864555484 0.9465579710144927 0.1 0.1 0.1 0 0.5 0 0.5 0.5 0.5 0.5 0.5 0.5 0
sphere 7.282608695652176 7.541089858300363 -0.6886009500923548 0.9465579710144927 0.1 0.1 0.1 0 0 0.5 0.5 0.5 0.5 0.5 0.5 0.5 0
sphere 7.282608695652176 4.366890845000258 6.186474914463132 0.9465579710144927 0.1 0.1 0.1 0.5 0.5 0 0.5 0.5 0.5 0.5 0.5 0.5 0
sphere 7.282608695652176 -3.1741990133001092 6.875075864555481 0.9465579710144927 0.1 0.1 0.1 0.5 0 0.5 0.5 0.5 0.5 0.5 0.5 0.5 0
sphere 8.043478260869566 -7.130007778987056 -1.6517919066262543 0.9148550724637681 0.1 0.1 0.1 0 0.5 0.5 0.5 0.5 0.5 0.5 0.5 0.5 0
sphere 8.043478260869566 -2.1345101365896575 -7.000663819096581 0.9148550724637681 0.1 0.1 0.1 0.5 0 0 0.5 0.5 0.5 0.5 0.5 0.5 0
sphere 8.043478260869566 4.995497642397397 -5.348871912470328 0.9148550724637681 0.1 0.1 0.1 0 0.5 0 0.5 0.5 0.5 0.5 0.5 0.5 0
sphere 8.043478260869566 7.130007778987057 1.6517919066262503 0.9148550724637681 0.1 0.1 0.1 0 0 0.5 0.5 0.5 0.5 0.5 0.5 0.5 0
sphere 8.043478260869566 2.1345101365896584 7.000663819096581 0.9148550724637681 0.1 0.1 0.1 0.5 0.5 0 0.5 0.5 0.5 0.5 0.5 0.5 0
sphere 8.043478260869566 -4.9954976423974005 5.348871912470324 0.9148550724637681 0.1 0.1 0.1 0.5 0 0.5 0.5 0.5 0.5 0.5 0.5 0.5 0
sphere 8.804347826086957 -6.036658836469756 -3.670973560032955 0.8831521739130435 0.1 0.1 0.1 0 0.5 0.5 0.5 0.5 0.5 0.5 0.5 0.5 0
sphere 8.804347826086957 0.16082694137466094 -7.063386686379097 0.8831521739130435 0.1 0.1 0.1 0.5 0 0 0.5 0.5 0.5 0.5 0.5 0.5 0
sphere 8.804347826086957 6.197485777844415 -3.3924131263461437 0.8831521739130435 0.1 0.1 0.1 0 0.5 0 0.5 0.5 0.5 0.5 0.5 0.5 0
sphere 8.804347826086957 6.0366588364697575 3.670973560032951 0.8831521739130435 0.1 0.1 0.1 0 0 0.5 0.5 0.5 0.5 0.5 0.5 0.5 0
sphere 8.804347826086957 -0.1608269413746601 7.063386686379097 0.8831521739130435 0.1 0.1 0.1 0.5 0.5 0 0.5 0.5 0.5 0.5 0.5 0.5 0
sphere 8.804347826086957 -6.197485777844418 3.392413126346139 0.8831521739130435 0.1 0.1 0.1 0.5 0 0.5 0.5 0.5 0.5 0.5 0.5 0.5 0
sphere 9.565217391304348 -4.417878000688341 -5.184608910611786 0.8514492753623188 0.1 0.1 0.1 0 0.5 0.5 0.5 0.5 0.5 0.5 0.5 0.5 0
sphere 9.565217391304348 2.281064024932798 -6.418299034722403 0.8514492753623188 0.1 0.1 0.1 0.5 0 0 0.5 0.5 0.5 0.5 0.5 0.5 0
sphere 9.565217391304348 6.69894202562114 -1.2336901241106206 0.8514492753623188 0.1 0.1 0.1 0 0.5 0 0.5 0.5 0.5 0.5 0.5 0.5 0
sphere 9.565217391304348 4.417878000688342 5.184608910611785 0.8514492753623188 0.1 0.1 0.1 0 0 0.5 0.5 0.5 0.5 0.5 0.5 0.5 0
sphere 9.565217391304348 -2.2810640249327916 6.418299034722406 0.8514492753623188 0.1 0.1 0.1 0.5 0.5 0 0.5 0.5 0.5 0.5 0.5 0.5 0
sphere 9.565217391304348 -6.698942025621142 1.2336901241106095 0.8514492753623188 0.1 0.1 0.1 0.5 0 0.5 0.5 0.5 0.5 0.5 0.5 0.5 0
sphere 10.326086956521744 -2.4751041460588015 -6.072960010825827 0.819746376811594 0.1 0.1 0.1 0 0.5 0.5 0.5 0.5 0.5 0.5 0.5 0.5 0
sphere 10.326086956521744 4.021785572512783 -5.179983072912027 0.819746376811594 0.1 0.1 0.1 0.5 0 0 0.5 0.5 0.5 0.5 0.5 0.5 0
sphere 10.326086956521744 6.496889718571587 0.8929769379138033 0.819746376811594 0.1 0.1 0.1 0 0.5 0 0.5 0.5 0.5 0.5 0.5 0.5 0
sphere 10.326086956521744 2.4751041460588024 6.072960010825827 0.819746376811594 0.1 0.1 0.1 0 0 0.5 0.5 0.5 0.5 0.5 0.5 0.5 0
sphere 10.326086956521744 -4.0217855725127825 5.179983072912027 0.819746376811594 0.1 0.1 0.1 0.5 0.5 0 0.5 0.5 0.5 0.5 0.5 0.5 0
sphere 10.326086956521744 -6.496889718571587 -0.8929769379138025 0.819746376811594 0.1 0.1 0.1 0.5 0 0.5 0.5 0.5 0.5 0.5 0.5 0.5 0
sphere 11.086956521739134 -0.43022391034248203 -6.289650936201224 0.7880434782608694 0.1 0.1 0.1 0 0.5 0.5 0.5 0.5 0.5 0.5 0.5 0.5 0
sphere 11.086956521739134 5.231885536515596 -3.517410303772682 0.7880434782608694 0.1 0.1 0.1 0.5 0 0 0.5 0.5 0.5 0.5 0.5 0.5 0
sphere 11.086956521739134 5.662109446858079 2.772240632428545 0.7880434782608694 0.1 0.1 0.1 0 0.5 0 0.5 0.5 0.5 0.5 0.5 0.5 0
sphere 11.086956521739134 0.4302239103424828 6.289650936201224 0.7880434782608694 0.1 0.1 0.1 0 0 0.5 0.5 0.5 0.5 0.5 0.5 0.5 0
sphere 11.086956521739134 -5.231885536515596 3.517410303772683 0.7880434782608694 0.1 0.1 0.1 0.5 0.5 0 0.5 0.5 0.5 0.5 0.5 0.5 0
sphere 11.086956521739134 -5.662109446858079 -2.7722406324285447 0.7880434782608694 0.1 0.1 0.1 0.5 0 0.5 0.5 0.5 0.5 0.5 0.5 0.5 0
sphere 11.847826086956525 1.4994166761164658 -5.861997805563018 0.7563405797101448 0.1 0.1 0.1 0 0.5 0.5 0.5 0.5 0.5 0.5 0.5 0.5 0
sphere 11.847826086956525 5.8263473546044375 -1.6324659704066278 0.7563405797101448 0.1 0.1 0.1 0.5 0 0 0.5 0.5 0.5 0.5 0.5 0.5 0
sphere 11.847826086956525 4.3269306784879715 4.229531835156393 0.7563405797101448 0.1 0.1 0.1 0 0.5 0 0.5 0.5 0.5 0.5 0.5 0.5 0
sphere 11.847826086956525 -1.49941667611646 5.861997805563019 0.7563405797101448 0.1 0.1 0.1 0 0 0.5 0.5 0.5 0.5 0.5 0.5 0.5 0
sphere 11.847826086956525 -5.8263473546044375 1.6324659704066284 0.7563405797101448 0.1 0.1 0.1 0.5 0.5 0 0.5 0.5 0.5 0.5 0.5 0.5 0
sphere 11.847826086956525 -4.326930678487972 -4.229531835156392 0.7563405797101448 0.1 0.1 0.1 0.5 0 0.5 0.5 0.5 0.5 0.5 0.5 0.5 0
sphere 12.608695652173916 3.1240500632787014 -4.883307937793687 0.7246376811594202 0.1 0.1 0.1 0 0.5 0.5 0.5 0.5 0.5 0.5 0.5 0.5 0
sphere 12.608695652173916 5.791093760270884 0.2638527485968931 0.7246376811594202 0.1 0.1 0.1 0.5 0 0 0.5 0.5 0.5 0.5 0.5 0.5 0
sphere 12.608695652173916 2.6670436969921805 5.147160686390583 0.7246376811594202 0.1 0.1 0.1 0 0.5 0 0.5 0.5 0.5 0.5 0.5 0.5 0
sphere 12.608695652173916 -3.1240500632787054 4.883307937793685 0.7246376811594202 0.1 0.1 0.1 0 0 0.5 0.5 0.5 0.5 0.5 0.5 0.5 0
sphere 12.608695652173916 -5.791093760270884 -0.2638527485968924 0.7246376811594202 0.1 0.1 0.1 0.5 0.5 0 0.5 0.5 0.5 0.5 0.5 0.5 0
sphere 12.608695652173916 -2.667043696992181 -5.147160686390583 0.7246376811594202 0.1 0.1 0.1 0.5 0 0.5 0.5 0.5 0.5 0.5 0.5 0.5 0
sphere 13.369565217391306 4.300138676731024 -3.4984223000683334 0.6929347826086956 0.1 0.1 0.1 0 0.5 0.5 0.5 0.5 0.5 0.5 0.5 0.5 0
sphere 13.369565217391306 5.179791923390676 1.9748181838108985 0.6929347826086956 0.1 0.1 0.1 0.5 0 0 0.5 0.5 0.5 0.5 0.5 0.5 0
sphere 13.369565217391306 0.8796532466596498 5.473240483879234 0.6929347826086956 0.1 0.1 0.1 0 0.5 0 0.5 0.5 0.5 0.5 0.5 0.5 0
sphere 13.369565217391306 -4.30013867673102 3.498422300068338 0.6929347826086956 0.1 0.1 0.1 0 0 0.5 0.5 0.5 0.5 0.5 0.5 0.5 0
sphere 13.369565217391306 -5.179791923390676 -1.9748181838108976 0.6929347826086956 0.1 0.1 0.1 0.5 0.5 0 0.5 0.5 0.5 0.5 0.5 0.5 0
sphere 13.369565217391306 -0.8796532466596506 -5.473240483879234 0.6929347826086956 0.1 0.1 0.1 0.5 0 0.5 0.5 0.5 0.5 0.5 0.5 0.5 0
sphere 14.130434782608697 4.94280797918326 -1.8844670250744502 0.661231884057971 0.1 0.1 0.1 0 0.5 0.5 0.5 0.5 0.5 0.5 0.5 0.5 0
sphere 14.130434782608697 4.103400305900192 3.338363763463902 0.661231884057971 0.1 0.1 0.1 0.5 0 0 0.5 0.5 0.5 0.5 0.5 0.5 0
sphere 14.130434782608697 -0.8394076732830708 5.222830788538353 0.661231884057971 0.1 0.1 0.1 0 0.5 0 0.5 0.5 0.5 0.5 0.5 0.5 0
sphere 14.130434782608697 -4.942807979183262 1.8844670250744464 0.661231884057971 0.1 0.1 0.1 0 0 0.5 0.5 0.5 0.5 0.5 0.5 0.5 0
sphere 14.130434782608697 -4.103400305900192 -3.338363763463901 0.661231884057971 0.1 0.1 0.1 0.5 0.5 0 0.5 0.5 0.5 0.5 0.5 0.5 0
sphere 14.130434782608697 0.83940767328307 -5.222830788538353 0.661231884057971 0.1 0.1 0.1 0.5 0 0.5 0.5 0.5 0.5 0.5 0.5 0.5 0
sphere 14.891304347826088 5.03101270423533 -0.2292220753435489 0.6295289855072463 0.1 0.1 0.1 0 0.5 0.5 0.5 0.5 0.5 0.5 0.5 0.5 0
sphere 14.891304347826088 2.7140184924733703 4.242373770958267 0.6295289855072463 0.1 0.1 0.1 0.5 0 0 0.5 0.5 0.5 0.5 0.5 0.5 0
sphere 14.891304347826088 -2.3169942117619624 4.471595846301817 0.6295289855072463 0.1 0.1 0.1 0 0.5 0 0.5 0.5 0.5 0.5 0.5 0.5 0
sphere 14.891304347826088 -5.03101270423533 0.22922207534355402 0.6295289855072463 0.1 0.1 0.1 0 0 0.5 0.5 0.5 0.5 0.5 0.5 0.5 0
sphere 14.891304347826088 -2.714018492473371 -4.242373770958267 0.6295289855072463 0.1 0.1 0.1 0.5 0.5 0 0.5 0.5 0.5 0.5 0.5 0.5 0
sphere 14.891304347826088 2.316994211761962 -4.471595846301817 0.6295289855072463 0.1 0.1 0.1 0.5 0 0.5 0.5 0.5 0.5 0.5 0.5 0.5 0
sphere 15.652173913043484 4.605256591663383 1.290332383794474 0.5978260869565215 0.1 0.1 0.1 0 0.5 0.5 0.5 0.5 0.5 0.5 0.5 0.5 0
sphere 15.652173913043484 1.1851676721399467 4.633435391223466 0.5978260869565215 0.1 0.1 0.1 0.5 0 0 0.5 0.5 0.5 0.5 0.5 0.5 0
sphere 15.652173913043484 -3.420088919523436 3.3431030074289945 0.5978260869565215 0.1 0.1 0.1 0 0.5 0 0.5 0.5 0.5 0.5 0.5 0.5 0
sphere 15.652173913043484 -4.605256591663383 -1.2903323837944736 0.5978260869565215 0.1 0.1 0.1 0 0 0.5 0.5 0.5 0.5 0.5 0.5 0.5 0
sphere 15.652173913043484 -1.185167672139943 -4.6334353912234665 0.5978260869565215 0.1 0.1 0.1 0.5 0.5 0 0.5 0.5 0.5 0.5 0.5 0.5 0
sphere 15.652173913043484 3.420088919523436 -3.343103007428995 0.5978260869565215 0.1 0.1 0.1 0.5 0 0.5 0.5 0.5 0.5 0.5 0.5 0.5 0
sphere 16.413043478260875 3.7585384601405063 2.5268752182275125 0.5661231884057969 0.1 0.1 0.1 0 0.5 0.5 0.5 0.5 0.5 0.5 0.5 0.5 0
sphere 16.413043478260875 -0.3090689011081187 4.51842739669628 0.5661231884057969 0.1 0.1 0.1 0.5 0 0 0.5 0.5 0.5 0.5 0.5 0.5 0
sphere 16.413043478260875 -4.0676073612486245 1.9915521784687704 0.5661231884057969 0.1 0.1 0.1 0 0.5 0 0.5 0.5 0.5 0.5 0.5 0.5 0
sphere 16.413043478260875 -3.7585384601405063 -2.526875218227512 0.5661231884057969 0.1 0.1 0.1 0 0 0.5 0.5 0.5 0.5 0.5 0.5 0.5 0
sphere 16.413043478260875 0.30906890110811414 -4.518427396696281 0.5661231884057969 0.1 0.1 0.1 0.5 0.5 0 0.5 0.5 0.5 0.5 0.5 0.5 0
sphere 16.413043478260875 4.067607361248628 -1.9915521784687635 0.5661231884057969 0.1 0.1 0.1 0.5 0 0.5 0.5 0.5 0.5 0.5 0.5 0.5 0
sphere 17.173913043478265 2.6219375555608124 3.37700553924652 0.5344202898550723 0.1 0.1 0.1 0 0.5 0.5 0.5 0.5 0.5 0.5 0.5 0.5 0
sphere 17.173913043478265 -1.6136038079278459 3.959167299875397 0.5344202898550723 0.1 0.1 0.1 0.5 0 0 0.5 0.5 0.5 0.5 0.5 0.5 0
sphere 17.173913043478265 -4.235541363488659 0.5821617606288758 0.5344202898550723 0.1 0.1 0.1 0 0.5 0 0.5 0.5 0.5 0.5 0.5 0.5 0
sphere 17.173913043478265 -2.621937555560816 -3.3770055392465173 0.5344202898550723 0.1 0.1 0.1 0 0 0.5 0.5 0.5 0.5 0.5 0.5 0.5 0
sphere 17.173913043478265 1.6136038079278452 -3.9591672998753973 0.5344202898550723 0.1 0.1 0.1 0.5 0.5 0 0.5 0.5 0.5 0.5 0.5 0.5 0
sphere 17.173913043478265 4.235541363488659 -0.5821617606288764 0.5344202898550723 0.1 0.1 0.1 0.5 0 0.5 0.5 0.5 0.5 0.5 0.5 0.5 0
sphere 17.934782608695656 1.3467984402528734 3.7895276215648224 0.5027173913043477 0.1 0.1 0.1 0 0.5 0.5 0.5 0.5 0.5 0.5 0.5 0.5 0
sphere 17.934782608695656 -2.6084279684915237 3.0611254738186564 0.5027173913043477 0.1 0.1 0.1 0.5 0 0 0.5 0.5 0.5 0.5 0.5 0.5 0
sphere 17.934782608695656 -3.955226408744396 -0.7284021477461617 0.5027173913043477 0.1 0.1 0.1 0 0.5 0 0.5 0.5 0.5 0.5 0.5 0.5 0
sphere 17.934782608695656 -1.3467984402528739 -3.7895276215648224 0.5027173913043477 0.1 0.1 0.1 0 0 0.5 0.5 0.5 0.5 0.5 0.5 0.5 0
sphere 17.934782608695656 2.608427968491518 -3.0611254738186617 0.5027173913043477 0.1 0.1 0.1 0.5 0.5 0 0.5 0.5 0.5 0.5 0.5 0.5 0
sphere 17.934782608695656 3.955226408744395 0.7284021477461682 0.5027173913043477 0.1 0.1 0.1 0.5 0 0.5 0.5 0.5 0.5 0.5 0.5 0.5 0
sphere 18.695652173913047 0.08577436873314764 3.7671395660688507 0.47101449275362306 0.1 0.1 0.1 0 0.5 0.5 0.5 0.5 0.5 0.5 0.5 0.5 0
sphere 18.695652173913047 -3.219551379450539 1.9578525653509031 0.47101449275362306 0.1 0.1 0.1 0.5 0 0 0.5 0.5 0.5 0.5 0.5 0.5 0
sphere 18.695652173913047 -3.305325748183687 -1.8092870007179438 0.47101449275362306 0.1 0.1 0.1 0 0.5 0 0.5 0.5 0.5 0.5 0.5 0.5 0
sphere 18.695652173913047 -0.0857743687331481 -3.7671395660688507 0.47101449275362306 0.1 0.1 0.1 0 0 0.5 0.5 0.5 0.5 0.5 0.5 0.5 0
sphere 18.695652173913047 3.2195513794505386 -1.9578525653509036 0.47101449275362306 0.1 0.1 0.1 0.5 0.5 0 0.5 0.5 0.5 0.5 0.5 0.5 0
sphere 18.695652173913047 3.305325748183687 1.8092870007179434 0.47101449275362306 0.1 0.1 0.1 0.5 0 0.5 0.5 0.5 0.5 0.5 0.5 0.5 0
sphere 19.456521739130437 -1.024987540837612 3.3617049032295445 0.43931159420289845 0.1 0.1 0.1 0 0.5 0.5 0.5 0.5 0.5 0.5 0.5 0.5 0
sphere 19.456521739130437 -3.4238156166422997 0.7931872026868586 0.43931159420289845 0.1 0.1 0.1 0.5 0 0 0.5 0.5 0.5 0.5 0.5 0.5 0
sphere 19.456521739130437 -2.398828075804689 -2.5685177005426825 0.43931159420289845 0.1 0.1 0.1 0 0.5 0 0.5 0.5 0.5 0.5 0.5 0.5 0
sphere 19.456521739130437 1.0249875408376117 -3.3617049032295445 0.43931159420289845 0.1 0.1 0.1 0 0 0.5 0.5 0.5 0.5 0.5 0.5 0.5 0
sphere 19.456521739130437 3.423815616642298 -0.793187202686865 0.43931159420289845 0.1 0.1 0.1 0.5 0.5 0 0.5 0.5 0.5 0.5 0.5 0.5 0
sphere 19.456521739130437 2.398828075804685 2.5685177005426865 0.43931159420289845 0.1 0.1 0.1 0.5 0 0.5 0.5 0.5 0.5 0.5 0.5 0.5 0
sphere 20.217391304347828 -1.880479311244133 2.6640322598166573 0.40760869565217384 0.1 0.1 0.1 0 0.5 0.5 0.5 0.5 0.5 0.5 0.5 0.5 0
sphere 20.217391304347828 -3.2473592691245576 -0.2965267249201565 0.40760869565217384 0.1 0.1 0.1 0.5 0 0 0.5 0.5 0.5 0.5 0.5 0.5 0
sphere 20.217391304347828 -1.3668799578804267 -2.960558984736811 0.40760869565217384 0.1 0.1 0.1 0 0.5 0 0.5 0.5 0.5 0.5 0.5 0.5 0
sphere 20.217391304347828 1.8804793112441325 -2.6640322598166573 0.40760869565217384 0.1 0.1 0.1 0 0 0.5 0.5 0.5 0.5 0.5 0.5 0.5 0
sphere 20.217391304347828 3.2473592691245576 0.29652672492015614 0.40760869565217384 0.1 0.1 0.1 0.5 0.5 0 0.5 0.5 0.5 0.5 0.5 0.5 0
sphere 20.217391304347828 1.366879957880427 2.960558984736811 0.40760869565217384 0.1 0.1 0.1 0.5 0 0.5 0.5 0.5 0.5 0.5 0.5 0.5 0
sphere 20.97826086956522 -2.416716760245043 1.789695748331867 0.3759057971014492 0.1 0.1 0.1 0 0.5 0.5 0.5 0.5 0.5 0.5 0.5 0.5 0
sphere 20.97826086956522 -2.758280363222919 -1.198090233957902 0.3759057971014492 0.1 0.1 0.1 0.5 0 0 0.5 0.5 0.5 0.5 0.5 0.5 0
sphere 20.97826086956522 -0.3415636029778785 -2.987785982289767 0.3759057971014492 0.1 0.1 0.1 0 0.5 0 0.5 0.5 0.5 0.5 0.5 0.5 0
sphere 20.97826086956522 2.416716760245043 -1.7896957483318672 0.3759057971014492 0.1 0.1 0.1 0 0 0.5 0.5 0.5 0.5 0.5 0.5 0.5 0
sphere 20.97826086956522 2.758280363222921 1.198090233957897 0.3759057971014492 0.1 0.1 0.1 0.5 0.5 0 0.5 0.5 0.5 0.5 0.5 0.5 0
sphere 20.97826086956522 0.3415636029778736 2.987785982289768 0.3759057971014492 0.1 0.1 0.1 0.5 0 0.5 0.5 0.5 0.5 0.5 0.5 0.5 0
sphere 21.73913043478261 -2.614949895522618 0.8628312161902555 0.3442028985507246 0.1 0.1 0.1 0 0.5 0.5 0.5 0.5 0.5 0.5 0.5 0.5 0
sphere 21.73913043478261 -2.0547087001602926 -1.8331974310509243 0.3442028985507246 0.1 0.1 0.1 0.5 0 0 0.5 0.5 0.5 0.5 0.5 0.5 0
sphere 21.73913043478261 0.5602411953623229 -2.696028647241179 0.3442028985507246 0.1 0.1 0.1 0 0.5 0 0.5 0.5 0.5 0.5 0.5 0.5 0
sphere 21.73913043478261 2.614949895522618 -0.8628312161902558 0.3442028985507246 0.1 0.1 0.1 0 0 0.5 0.5 0.5 0.5 0.5 0.5 0.5 0
sphere 21.73913043478261 2.0547087001602926 1.833197431050924 0.3442028985507246 0.1 0.1 0.1 0.5 0.5 0 0.5 0.5 0.5 0.5 0.5 0.5 0
sphere 21.73913043478261 -0.5602411953623225 2.696028647241179 0.3442028985507246 0.1 0.1 0.1 0.5 0 0.5 0.5 0.5 0.5 0.5 0.5 0.5 0
sphere 22.5 -2.5 9.184850993605148e-16 0.3125 0.1 0.1 0.1 0 0.5 0.5 0.5 0.5 0.5 0.5 0.5 0.5 0
sphere 22.5 -1.2499999999999996 -2.165063509461097 0.3125 0.1 0.1 0.1 0.5 0 0 0.5 0.5 0.5 0.5 0.5 0.5 0
sphere 22.5 1.2499999999999978 -2.1650635094610977 0.3125 0.1 0.1 0.1 0 0.5 0 0.5 0.5 0.5 0.5 0.5 0.5 0
sphere 22.5 2.5 -1.2246467991473533e-15 0.3125 0.1 0.1 0.1 0 0 0.5 0.5 0.5 0.5 0.5 0.5 0.5 0
sphere 22.5 1.2500000000000036 2.1650635094610946 0.3125 0.1 0.1 0.1 0.5 0.5 0 0.5 0.5 0.5 0.5 0.5 0.5 0
sphere 22.5 -1.2500000000000013 2.165063509461096 0.3125 0.1 0.1 0.1 0.5 0 0.5 0.5 0.5 0.5 0.5 0.5 0.5 0

